800 8000
131 104
77 290
165 236
64 296
196 122
192 179
112 211
122 284
125 81
73 135
26 193
15 137
160 132
11 56
191 50
68 54
18 189
28 283
70 162
181 268
64 296
43 262
72 262
114 117
34 69
178 240
100 236
115 259
196 47
182 70
25 226
196 193
37 147
59 117
147 249
45 236
56 162
128 147
29 246
150 70
22 296
13 67
70 105
114 268
133 129
112 50
52 214
10 219
77 252
83 236
188 269
49 117
85 131
24 297
25 180
24 45
159 264
138 291
50 49
140 61
57 55
162 54
182 140
113 81
155 146
158 40
168 61
117 287
90 153
62 180
71 155
111 87
181 173
127 181
28 24
127 71
28 295
64 279
77 87
99 55
72 209
82 100
122 298
190 174
166 290
12 173
179 73
44 155
39 74
200 99
79 164
164 127
193 195
62 155
139 270
74 46
33 236
80 42
10 190
43 154
51 246
151 238
153 24
38 58
186 96
149 38
104 95
120 85
20 177
103 40
101 127
184 147
180 72
100 228
168 99
70 103
55 231
16 111
198 190
115 147
78 101
189 75
107 39
130 133
61 255
99 176
68 134
16 118
112 188
81 55
81 199
174 280
112 294
94 34
39 153
55 155
19 75
162 242
98 180
121 281
39 217
157 117
75 42
191 243
10 286
147 120
103 240
27 189
169 180
179 83
194 173
139 178
180 229
93 226
188 171
151 85
59 235
180 214
183 109
167 174
113 300
10 175
83 127
120 184
129 246
123 129
140 262
198 106
178 63
82 283
179 191
33 140
182 178
67 121
47 32
21 145
131 57
126 232
171 119
193 216
136 224
72 95
177 22
37 237
66 110
188 285
128 45
152 147
41 253
44 257
180 291
153 182
123 278
119 300
124 101
200 263
125 152
73 161
143 268
170 142
80 245
29 166
70 159
95 183
148 61
45 97
69 216
187 98
190 129
26 232
114 189
148 258
116 51
62 235
109 30
157 214
132 23
100 172
109 234
147 299
164 132
134 132
79 243
134 34
109 192
181 227
195 104
129 85
169 293
16 221
161 33
31 239
44 256
56 45
76 214
93 128
126 187
96 214
81 235
74 61
130 29
148 46
99 134
176 55
176 40
17 146
61 30
169 98
71 84
131 78
154 131
129 151
104 105
165 78
51 179
37 33
89 212
111 121
29 144
36 174
185 81
154 41
98 292
119 209
27 279
175 194
13 235
135 74
120 205
172 255
191 98
121 110
197 287
176 158
167 295
133 258
121 157
92 145
32 162
125 144
128 214
96 34
136 186
56 269
64 201
76 194
81 161
152 25
142 117
31 143
194 228
135 143
186 263
175 271
124 28
33 170
66 227
187 144
88 208
131 291
98 237
200 189
100 252
79 176
74 138
40 118
90 81
200 294
186 114
59 130
199 267
80 288
162 164
35 119
85 136
102 111
87 27
191 293
42 160
21 47
151 169
188 84
173 271
36 26
156 165
130 265
122 194
57 46
74 264
39 53
112 271
28 47
48 96
154 175
31 147
40 233
165 135
143 214
125 246
86 239
88 50
166 70
63 128
77 61
50 142
54 58
50 21
114 250
186 260
84 36
69 167
190 164
189 252
28 139
77 121
118 78
149 135
175 96
78 92
28 50
52 177
162 167
122 83
129 175
189 226
79 276
148 272
122 61
163 40
120 185
164 148
16 66
68 30
182 157
157 40
54 260
142 246
81 112
159 243
172 271
33 260
99 229
95 184
181 73
51 188
115 273
83 225
150 38
126 65
90 149
92 79
113 283
10 297
128 231
23 116
142 205
169 275
170 246
23 124
78 87
83 244
188 268
41 34
171 142
191 101
89 27
151 228
33 135
39 256
40 98
137 169
140 159
116 267
130 144
126 94
108 117
163 280
44 55
80 232
97 279
78 21
82 172
160 270
48 248
147 267
98 190
151 298
106 253
92 116
188 142
156 216
69 230
21 182
200 262
190 215
108 97
136 38
42 277
161 189
35 245
35 289
126 27
194 93
114 99
29 260
77 193
169 223
176 61
94 293
107 182
170 269
148 38
168 55
70 167
68 66
121 70
172 71
123 105
187 173
17 43
93 48
85 203
105 240
47 145
145 230
154 112
53 109
30 215
168 143
137 93
69 256
173 150
127 150
180 24
129 167
183 299
50 57
123 196
160 173
173 237
186 148
126 174
60 216
133 74
70 215
156 203
157 171
189 171
15 222
80 24
154 45
165 274
83 137
165 200
66 117
168 148
183 90
170 69
170 40
89 245
18 206
197 87
33 171
93 232
54 122
43 296
103 291
138 159
52 151
133 171
96 78
129 58
46 135
183 223
152 207
33 222
13 155
147 83
126 208
182 154
159 215
173 210
37 139
130 32
168 187
166 133
175 52
172 257
189 174
176 229
39 91
21 39
87 272
39 69
70 295
44 218
126 209
181 296
117 99
116 70
135 228
81 36
186 209
65 247
123 140
102 70
185 208
149 203
25 223
80 117
41 252
33 128
174 30
22 190
72 84
154 125
27 126
160 130
69 188
47 21
80 94
43 296
74 109
38 33
43 27
101 141
160 185
14 109
77 46
42 235
144 78
200 52
131 249
102 282
161 75
125 277
66 42
196 286
87 254
174 35
25 265
112 238
185 75
135 247
28 61
92 95
26 84
80 300
192 186
107 291
85 252
139 240
35 78
177 130
120 251
68 231
96 252
112 232
196 68
90 238
90 150
105 98
185 262
27 66
31 67
120 69
200 210
43 50
160 188
181 82
115 201
180 236
194 46
83 179
100 73
157 279
64 99
178 266
67 75
99 208
39 162
156 135
119 33
165 156
17 112
79 178
96 199
11 112
46 225
27 92
199 35
33 291
65 212
117 252
97 100
104 179
194 186
155 63
23 99
50 45
182 61
79 246
179 237
134 246
116 159
65 282
39 196
120 76
82 269
144 177
21 132
111 48
11 124
87 128
45 150
84 187
40 23
137 240
54 86
107 292
190 137
138 201
28 223
199 41
121 29
127 59
90 239
156 227
191 233
84 78
113 30
93 107
168 255
186 205
32 243
37 144
121 225
144 60
111 178
200 193
66 190
53 59
140 78
145 281
59 198
99 95
70 72
47 151
60 108
164 98
177 58
55 272
128 249
184 185
170 181
48 245
27 260
123 175
80 48
100 279
28 178
128 251
19 49
104 166
29 66
167 279
108 256
158 41
125 116
92 263
138 97
25 250
36 195
192 63
139 108
20 146
191 244
122 288
143 101
103 210
82 218
114 193
183 46
171 191
26 188
34 217
82 149
195 96
95 61
159 92
99 178
177 220
43 63
89 212
174 188
42 289
33 236
140 205
14 205
89 112
64 194
134 118
67 90
49 59
85 71
139 296
199 289
19 192
168 87
162 212
49 103
56 104
194 244
21 230
103 141
123 165
124 139
146 142
89 260
59 208
183 245
128 164
107 277
145 234
51 122
164 90
74 46
174 266
105 72
192 284
41 165
31 102
79 250
141 95
121 66
66 250
99 33
116 47
111 277
105 140
108 61
105 134
17 183
35 191
47 90
19 166
130 91
190 260
124 22
30 29
75 130
48 300
196 290
118 76
83 141
87 82
22 142
117 254
26 76
137 294
